% Sample   Time     Commanded Pos   Encoder 1 Pos   Encoder 2 Pos   Control Effort

data =[    0    0.000            4000              37               9         -0.0714;
     1    0.009            4000              57               9          4.8840;
     2    0.018            4000             116              13          4.8840;
     3    0.027            4000             201              29          4.8840;
     4    0.035            4000             308              57          4.8840;
     5    0.044            4000             441              95          4.8840;
     6    0.053            4000             611             139          4.8602;
     7    0.062            4000             818             188          4.0574;
     8    0.071            4000            1052             246          3.3162;
     9    0.080            4000            1306             313          2.6306;
    10    0.089            4000            1579             385          1.8748;
    11    0.097            4000            1871             461          1.1142;
    12    0.106            4000            2171             538          0.4292;
    13    0.115            4000            2470             617         -0.1410;
    14    0.124            4000            2761             695         -0.6349;
    15    0.133            4000            3044             771         -1.0971;
    16    0.142            4000            3315             842         -1.5073;
    17    0.151            4000            3568             907         -1.8303;
    18    0.159            4000            3799             966         -2.0440;
    19    0.168            4000            4007            1021         -2.2082;
    20    0.177            4000            4192            1069         -2.3278;
    21    0.186            4000            4351            1109         -2.3712;
    22    0.195            4000            4484            1143         -2.3498;
    23    0.204            4000            4588            1169         -2.2637;
    24    0.213            4000            4666            1188         -2.1313;
    25    0.221            4000            4718            1200         -1.9597;
    26    0.230            4000            4746            1207         -1.7668;
    27    0.239            4000            4754            1209         -1.5653;
    28    0.248            4000            4743            1208         -1.3425;
    29    0.257            4000            4717            1200         -1.1282;
    30    0.266            4000            4679            1190         -0.9469;
    31    0.274            4000            4632            1177         -0.7527;
    32    0.283            4000            4577            1162         -0.5598;
    33    0.292            4000            4517            1146         -0.3871;
    34    0.301            4000            4454            1129         -0.2228;
    35    0.310            4000            4389            1112         -0.0794;
    36    0.319            4000            4324            1095          0.0519;
    37    0.328            4000            4259            1079          0.1673;
    38    0.336            4000            4197            1063          0.2650;
    39    0.345            4000            4139            1048          0.3431;
    40    0.354            4000            4085            1034          0.4060;
    41    0.363            4000            4035            1021          0.4548;
    42    0.372            4000            3990            1010          0.4908;
    43    0.381            4000            3951            1000          0.5104;
    44    0.390            4000            3917             991          0.5171;
    45    0.398            4000            3889             984          0.5177;
    46    0.407            4000            3866             978          0.5061;
    47    0.416            4000            3848             974          0.4884;
    48    0.425            4000            3836             971          0.4536;
    49    0.434            4000            3828             969          0.4237;
    50    0.443            4000            3824             968          0.3864;
    51    0.452            4000            3823             967          0.3608;
    52    0.460            4000            3826             967          0.3095;
    53    0.469            4000            3832             967          0.2686;
    54    0.478            4000            3837             969          0.2589;
    55    0.487            4000            3843             971          0.2521;
    56    0.496            4000            3849             972          0.2277;
    57    0.505            4000            3856             974          0.2076;
    58    0.514            4000            3862             975          0.2045;
    59    0.522            4000            3868             977          0.1990;
    60    0.531            4000            3874             978          0.1862;
    61    0.540            4000            3879             980          0.1734;
    62    0.549            4000            3884             981          0.1783;
    63    0.558            4000            3888             982          0.1740;
    64    0.567            4000            3892             983          0.1703;
    65    0.576            4000            3895             984          0.1691;
    66    0.584            4000            3897             984          0.1740;
    67    0.593            4000            3899             985          0.1770;
    68    0.602            4000            3901             985          0.1777;
    69    0.611            4000            3902             986          0.1752;
    70    0.620            4000            3903             986          0.1819;
    71    0.629            4000            3903             986          0.1850;
    72    0.638            4000            3903             986          0.1893;
    73    0.646            4000            3903             986          0.1893;
    74    0.655            4000            3903             986          0.1893;
    75    0.664            4000            3903             986          0.1893;
    76    0.673            4000            3903             986          0.1893;
    77    0.682            4000            3903             986          0.1893;
    78    0.691            4000            3903             986          0.1893;
    79    0.699            4000            3903             986          0.1893;
    80    0.708            4000            3903             986          0.1893;
    81    0.717            4000            3903             986          0.1893;
    82    0.726            4000            3903             986          0.1893;
    83    0.735            4000            3903             986          0.1893;
    84    0.744            4000            3903             986          0.1893;
    85    0.753            4000            3903             986          0.1893;
    86    0.761            4000            3903             986          0.1893;
    87    0.770            4000            3903             986          0.1893;
    88    0.779            4000            3903             986          0.1893;
    89    0.788            4000            3903             986          0.1893;
    90    0.797            4000            3903             986          0.1893;
    91    0.806            4000            3903             986          0.1893;
    92    0.815            4000            3903             986          0.1893;
    93    0.823            4000            3903             986          0.1893;
    94    0.832            4000            3903             986          0.1893;
    95    0.841            4000            3903             986          0.1893;
