% Sample   Time     Commanded Pos   Encoder 1 Pos   Encoder 2 Pos   Control Effort

data =[    0    0.000            1000               0               0          0.0000;
     1    0.009            1000              26               0          4.8840;
     2    0.018            1000              91               7          4.8840;
     3    0.027            1000             182              27          4.8840;
     4    0.035            1000             293              59          4.8840;
     5    0.044            1000             435              99          4.6422;
     6    0.053            1000             612             143          2.6111;
     7    0.062            1000             806             191          0.5031;
     8    0.071            1000             989             245         -1.2613;
     9    0.080            1000            1153             296         -2.7460;
    10    0.089            1000            1287             338         -3.8669;
    11    0.097            1000            1391             369         -4.6087;
    12    0.106            1000            1467             386         -4.8840;
    13    0.115            1000            1507             393         -4.8840;
    14    0.124            1000            1506             394         -4.8840;
    15    0.133            1000            1463             388         -4.2967;
    16    0.142            1000            1392             369         -3.3895;
    17    0.151            1000            1294             340         -2.2338;
    18    0.159            1000            1176             306         -0.9322;
    19    0.168            1000            1049             272          0.4225;
    20    0.177            1000             929             238          1.5995;
    21    0.186            1000             829             208          2.4560;
    22    0.195            1000             755             184          3.0061;
    23    0.204            1000             706             169          3.2998;
    24    0.213            1000             683             163          3.3358;
    25    0.221            1000             686             165          3.1380;
    26    0.230            1000             720             173          2.5598;
    27    0.239            1000             776             187          1.8370;
    28    0.248            1000             844             207          1.0708;
    29    0.257            1000             920             228          0.2589;
    30    0.266            1000             998             249         -0.5495;
    31    0.274            1000            1069             268         -1.2265;
    32    0.283            1000            1125             284         -1.6679;
    33    0.292            1000            1163             295         -1.9109;
    34    0.301            1000            1181             301         -1.9518;
    35    0.310            1000            1182             302         -1.8199;
    36    0.319            1000            1162             297         -1.4927;
    37    0.328            1000            1129             288         -1.0549;
    38    0.336            1000            1087             276         -0.5653;
    39    0.345            1000            1040             263         -0.0586;
    40    0.354            1000             993             251          0.4042;
    41    0.363            1000             952             239          0.7863;
    42    0.372            1000             919             231          1.0617;
    43    0.381            1000             897             225          1.2009;
    44    0.390            1000             887             222          1.2179;
    45    0.398            1000             887             221          1.1410;
    46    0.407            1000             899             224          0.9182;
    47    0.416            1000             919             229          0.6551;
    48    0.425            1000             944             236          0.3840;
    49    0.434            1000             971             244          0.0904;
    50    0.443            1000             999             251         -0.1911;
    51    0.452            1000            1023             257         -0.4096;
    52    0.460            1000            1042             263         -0.5629;
    53    0.469            1000            1055             266         -0.6453;
    54    0.478            1000            1061             268         -0.6563;
    55    0.487            1000            1061             268         -0.5958;
    56    0.496            1000            1053             268         -0.4609;
    57    0.505            1000            1042             264         -0.3278;
    58    0.514            1000            1029             260         -0.1886;
    59    0.522            1000            1013             256         -0.0256;
    60    0.531            1000             998             253          0.1282;
    61    0.540            1000             986             249          0.2308;
    62    0.549            1000             977             246          0.2906;
    63    0.558            1000             970             245          0.3437;
    64    0.567            1000             968             244          0.3468;
    65    0.576            1000             968             244          0.3126;
    66    0.584            1000             973             244          0.2125;
    67    0.593            1000             979             246          0.1703;
    68    0.602            1000             985             247          0.0989;
    69    0.611            1000             993             249          0.0183;
    70    0.620            1000             999             251         -0.0409;
    71    0.629            1000            1004             252         -0.0751;
    72    0.638            1000            1007             253         -0.1038;
    73    0.646            1000            1010             254         -0.1160;
    74    0.655            1000            1011             254         -0.1142;
    75    0.664            1000            1011             254         -0.1074;
    76    0.673            1000            1008             254         -0.0714;
    77    0.682            1000            1006             254         -0.0379;
    78    0.691            1000            1003             254         -0.0201;
    79    0.699            1000            1001             254          0.0073;
    80    0.708            1000             999             253          0.0189;
    81    0.717            1000             998             253          0.0250;
    82    0.726            1000             998             253          0.0195;
    83    0.735            1000             997             253          0.0342;
    84    0.744            1000             997             253          0.0293;
    85    0.753            1000             997             253          0.0293;
    86    0.761            1000             999             253         -0.0189;
    87    0.770            1000             999             253          0.0147;
    88    0.779            1000             999             253          0.0147;
    89    0.788            1000             999             253          0.0147;
    90    0.797            1000             999             253          0.0147;
    91    0.806            1000             999             253          0.0147;
    92    0.815            1000             999             253          0.0147;
    93    0.823            1000             999             253          0.0147;
    94    0.832            1000             999             253          0.0147;
    95    0.841            1000             999             253          0.0147;
