% Sample   Time     Commanded Pos   Encoder 1 Pos   Encoder 2 Pos   Control Effort

data =[    0    0.000            1000               0               0          0.0000;
     1    0.009            1000              21               0          4.8840;
     2    0.018            1000              75               5          4.8840;
     3    0.027            1000             154              21          4.8840;
     4    0.035            1000             252              47          4.8840;
     5    0.044            1000             377              82          4.8840;
     6    0.053            1000             538             121          4.8840;
     7    0.062            1000             733             166          3.2082;
     8    0.071            1000             946             221          1.1477;
     9    0.080            1000            1157             283         -0.9255;
    10    0.089            1000            1353             342         -2.9060;
    11    0.097            1000            1521             394         -4.6392;
    12    0.106            1000            1663             435         -4.8840;
    13    0.115            1000            1782             462         -4.8840;
    14    0.124            1000            1869             481         -4.8840;
    15    0.133            1000            1913             494         -4.8840;
    16    0.142            1000            1921             499         -4.8840;
    17    0.151            1000            1898             494         -4.8840;
    18    0.159            1000            1844             478         -4.8840;
    19    0.168            1000            1754             455         -4.8840;
    20    0.177            1000            1632             425         -4.8840;
    21    0.186            1000            1484             387         -4.8840;
    22    0.195            1000            1307             341         -3.5549;
    23    0.204            1000            1103             289         -1.6062;
    24    0.213            1000             889             230          0.4731;
    25    0.221            1000             691             171          2.4701;
    26    0.230            1000             522             116          4.2112;
    27    0.239            1000             382              74          4.8840;
    28    0.248            1000             261              45          4.8840;
    29    0.257            1000             164              27          4.8840;
    30    0.266            1000             106              15          4.8840;
    31    0.274            1000              87               6          4.8840;
    32    0.283            1000              91               4          4.8840;
    33    0.292            1000             120              14          4.8840;
    34    0.301            1000             179              30          4.8840;
    35    0.310            1000             271              51          4.8840;
    36    0.319            1000             391              79          4.8840;
    37    0.328            1000             538             117          4.8840;
    38    0.336            1000             716             163          3.3303;
    39    0.345            1000             920             216          1.3816;
    40    0.354            1000            1130             274         -0.6709;
    41    0.363            1000            1325             332         -2.6368;
    42    0.372            1000            1490             385         -4.3443;
    43    0.381            1000            1628             426         -4.8840;
    44    0.390            1000            1745             454         -4.8840;
    45    0.398            1000            1834             472         -4.8840;
    46    0.407            1000            1880             485         -4.8840;
    47    0.416            1000            1889             491         -4.8840;
    48    0.425            1000            1867             487         -4.8840;
    49    0.434            1000            1817             471         -4.8840;
    50    0.443            1000            1732             449         -4.8840;
    51    0.452            1000            1612             420         -4.8840;
    52    0.460            1000            1467             383         -4.8840;
    53    0.469            1000            1294             339         -3.4158;
    54    0.478            1000            1095             287         -1.5220;
    55    0.487            1000             888             229          0.5043;
    56    0.496            1000             694             172          2.4573;
    57    0.505            1000             529             119          4.1551;
    58    0.514            1000             393              77          4.8840;
    59    0.522            1000             279              50          4.8840;
    60    0.531            1000             189              33          4.8840;
    61    0.540            1000             137              22          4.8840;
    62    0.549            1000             123              15          4.8840;
    63    0.558            1000             135              14          4.8840;
    64    0.567            1000             171              26          4.8840;
    65    0.576            1000             237              44          4.8840;
    66    0.584            1000             338              67          4.8840;
    67    0.593            1000             467              98          4.8840;
    68    0.602            1000             623             139          4.1636;
    69    0.611            1000             809             187          2.4383;
    70    0.620            1000            1014             242          0.4628;
    71    0.629            1000            1216             299         -1.5348;
    72    0.638            1000            1396             354         -3.3803;
    73    0.646            1000            1545             401         -4.8840;
    74    0.655            1000            1669             436         -4.8840;
    75    0.664            1000            1772             459         -4.8840;
    76    0.673            1000            1840             473         -4.8840;
    77    0.682            1000            1865             482         -4.8840;
    78    0.691            1000            1858             484         -4.8840;
    79    0.699            1000            1823             474         -4.8840;
    80    0.708            1000            1758             455         -4.8840;
    81    0.717            1000            1656             430         -4.8840;
    82    0.726            1000            1525             398         -4.8840;
    83    0.735            1000            1368             358         -4.0751;
    84    0.744            1000            1182             310         -2.3462;
    85    0.753            1000             980             255         -0.3907;
    86    0.761            1000             781             198          1.5745;
    87    0.770            1000             605             143          3.3889;
    88    0.779            1000             460              97          4.8840;
    89    0.788            1000             340              64          4.8840;
    90    0.797            1000             241              44          4.8840;
    91    0.806            1000             176              32          4.8840;
    92    0.815            1000             151              24          4.8840;
    93    0.823            1000             157              22          4.8840;
    94    0.832            1000             187              29          4.8840;
    95    0.841            1000             243              46          4.8840;
