 %Sample   Time     Commanded Pos   Encoder 1 Pos   Encoder 2 Pos 

data =  [    0    0.000            4000               0               0;
     1    0.009            4000              25               0;
     2    0.018            4000              96               7;
     3    0.027            4000             195              26;
     4    0.035            4000             319              58;
     5    0.044            4000             473             102;
     6    0.053            4000             665             152;
     7    0.062            4000             895             207;
     8    0.071            4000            1152             271;
     9    0.080            4000            1439             343;
    10    0.089            4000            1759             423;
    11    0.097            4000            2111             511;
    12    0.106            4000            2490             606;
    13    0.115            4000            2900             708;
    14    0.124            4000            3342             817;
    15    0.133            4000            3806             934;
    16    0.142            4000            4255            1056;
    17    0.151            4000            4651            1179;
    18    0.159            4000            5012            1289;
    19    0.168            4000            5362            1380;
    20    0.177            4000            5694            1453;
    21    0.186            4000            5984            1516;
    22    0.195            4000            6220            1575;
    23    0.204            4000            6409            1627;
    24    0.213            4000            6568            1669;
    25    0.221            4000            6699            1700;
    26    0.230            4000            6790            1721;
    27    0.239            4000            6839            1734;
    28    0.248            4000            6851            1739;
    29    0.257            4000            6827            1734;
    30    0.266            4000            6768            1717;
    31    0.274            4000            6671            1692;
    32    0.283            4000            6538            1660;
    33    0.292            4000            6375            1618;
    34    0.301            4000            6185            1568;
    35    0.310            4000            5960            1511;
    36    0.319            4000            5697            1447;
    37    0.328            4000            5400            1374;
    38    0.336            4000            5074            1291;
    39    0.345            4000            4720            1199;
    40    0.354            4000            4331            1101;
    41    0.363            4000            3933             996;
    42    0.372            4000            3570             888;
    43    0.381            4000            3246             787;
    44    0.390            4000            2943             700;
    45    0.398            4000            2655             632;
    46    0.407            4000            2394             577;
    47    0.416            4000            2175             528;
    48    0.425            4000            2002             484;
    49    0.434            4000            1872             445;
    50    0.443            4000            1773             418;
    51    0.452            4000            1705             404;
    52    0.460            4000            1675             398;
    53    0.469            4000            1687             398;
    54    0.478            4000            1738             410;
    55    0.487            4000            1820             432;
    56    0.496            4000            1937             464;
    57    0.505            4000            2090             502;
    58    0.514            4000            2276             548;
    59    0.522            4000            2489             602;
    60    0.531            4000            2733             664;
    61    0.540            4000            3011             733;
    62    0.549            4000            3321             811;
    63    0.558            4000            3659             896;
    64    0.567            4000            4006             989;
    65    0.576            4000            4325            1084;
    66    0.584            4000            4601            1172;
    67    0.593            4000            4848            1247;
    68    0.602            4000            5082            1303;
    69    0.611            4000            5293            1345;
    70    0.620            4000            5458            1382;
    71    0.629            4000            5571            1414;
    72    0.638            4000            5640            1437;
    73    0.646            4000            5680            1447;
    74    0.655            4000            5689            1446;
    75    0.664            4000            5651            1435;
    76    0.673            4000            5570            1417;
    77    0.682            4000            5454            1390;
    78    0.691            4000            5308            1350;
    79    0.699            4000            5129            1302;
    80    0.708            4000            4913            1248;
    81    0.717            4000            4664            1187;
    82    0.726            4000            4382            1117;
    83    0.735            4000            4084            1038;
    84    0.744            4000            3800             954;
    85    0.753            4000            3553             872;
    86    0.761            4000            3330             802;
    87    0.770            4000            3121             749;
    88    0.779            4000            2933             711;
    89    0.788            4000            2788             680;
    90    0.797            4000            2694             654;
    91    0.806            4000            2640             636;
    92    0.815            4000            2615             629;
    93    0.823            4000            2616             633;
    94    0.832            4000            2660             645;
    95    0.841            4000            2745             663;
    96    0.850            4000            2862             691;
    97    0.859            4000            3008             731;
    98    0.868            4000            3188             778;
    99    0.877            4000            3404             832;
   100    0.885            4000            3651             893;
   101    0.894            4000            3909             961;
   102    0.903            4000            4159            1034;
   103    0.912            4000            4373            1104;
   104    0.921            4000            4551            1164;
   105    0.930            4000            4705            1208;
   106    0.939            4000            4839            1236;
   107    0.947            4000            4938            1253;
   108    0.956            4000            4993            1266;
   109    0.965            4000            5009            1274;
   110    0.974            4000            4997            1275;
   111    0.983            4000            4960            1261;
   112    0.992            4000            4891            1242;
   113    1.001            4000            4783            1217;
   114    1.009            4000            4639            1184;
   115    1.018            4000            4465            1140;
   116    1.027            4000            4263            1085;
   117    1.036            4000            4046            1024;
   118    1.045            4000            3836             962;
   119    1.054            4000            3655             903;
